[gd_scene load_steps=5 format=2]

[ext_resource path="res://scripts/Player.cs" type="Script" id=1]
[ext_resource path="res://scenes/Model.tscn" type="PackedScene" id=3]
[ext_resource path="res://scripts/Camera.cs" type="Script" id=4]

[sub_resource type="CapsuleShape" id=1]
radius = 0.504311
height = 0.871388

[node name="Player" type="KinematicBody"]
script = ExtResource( 1 )

[node name="CollisionShape" type="CollisionShape" parent="."]
transform = Transform( 1, 0, 0, 0, -4.37114e-08, 1, 0, -1, -4.37114e-08, 0, 0.861487, 0 )
shape = SubResource( 1 )

[node name="Model" parent="." instance=ExtResource( 3 )]
bones/2/rest = Transform( 0.195245, -0.980755, 0, 0.980755, 0.195245, 0, 0, 0, 1, 0.0962405, -0.0166199, -0.000370824 )
bones/3/rest = Transform( 1, 0, 0, 0, 0.78659, -0.617475, 0, 0.617475, 0.78659, 0.000333385, -0.431222, -0.000340834 )
bones/4/rest = Transform( 1, 0, 0, 0, 0.47355, 0.880767, 0, -0.880767, 0.47355, -0.000212256, -0.431393, -0.00584877 )
bones/6/rest = Transform( 1, 0, 0, 0, 0.685564, -0.728012, 0, 0.728012, 0.685564, 0.00031996, 0.147564, 0.000215191 )
bones/10/rest = Transform( 0.618285, -0.766404, -0.174208, 0.785954, 0.602906, 0.137044, 0, -0.221651, 0.975126, 3.46918e-08, -5.69397e-08, 2.30789e-08 )
bones/15/rest = Transform( 1, 0, 0, 0, 1, 0, 0, 0, 1, 0.130831, -7.69332e-05, -0.00117459 )
bones/34/rest = Transform( 1, 0, 0, 0, 1, 0, 0, 0, 1, -0.130832, -8.00533e-05, -0.00117462 )
bones/52/rest = Transform( 1, 0, 0, 0, 0.16398, 0.986464, 0, -0.986464, 0.16398, -0.0962405, -0.0166204, -0.000370844 )
bones/53/rest = Transform( 1, 0, 0, 0, 0.834232, -0.551413, 0, 0.551413, 0.834232, -0.000333309, -0.431218, -0.000340754 )
bones/54/rest = Transform( 1, 0, 0, 0, 0.537844, 0.843044, 0, -0.843044, 0.537844, 0.000212193, -0.431393, -0.00584894 )

[node name="Timer" type="Timer" parent="."]

[node name="SkeletonIK" type="SkeletonIK" parent="."]
process_priority = 1

[node name="CameraTarget" type="Spatial" parent="."]
transform = Transform( 1, 0, 0, 0, 1, 0, 0, 0, 1, 0, 1.60631, 0 )

[node name="Camera" type="Camera" parent="CameraTarget"]
transform = Transform( -0.99984, -0.0171341, 0.00507894, -0.0145515, 0.94553, 0.325209, -0.0103745, 0.325084, -0.945628, 0, 0.469513, -2.46987 )
script = ExtResource( 4 )
